Step 1
first: -77 97 | 25 | -21 26 85 | -31 | 12 | -62 38 | -2 13 95 100 | 66 | 76 | -98 -96 27 50 | 11 35 
second: 2 33 | -95 32 61 | 14 | -75 1 9 28 93 | -48 | -14 69 83 | 74 | 37 67 90 | 33 | 42 
After merging: -77 2 33 97 -95 25 32 61 -21 14 26 85 -75 -31 1 9 28 93 -48 12 -62 -14 38 69 83 -2 13 74 95 100 37 66 67 90 33 76 -98 -96 27 42 50 11 35 

Step 2
first: -77 2 33 97 | -21 14 26 85 | -48 12 | -2 13 74 95 100 | 33 76 | 11 35 
second: -95 25 32 61 | -75 -31 1 9 28 93 | -62 -14 38 69 83 | 37 66 67 90 | -98 -96 27 42 50 
After merging: -95 -77 2 25 32 33 61 97 -75 -31 -21 1 9 14 26 28 85 93 -62 -48 -14 12 38 69 83 -2 13 37 66 67 74 90 95 100 -98 -96 27 33 42 50 76 11 35 

Step 3
first: -95 -77 2 25 32 33 61 97 | -62 -48 -14 12 38 69 83 | -98 -96 27 33 42 50 76 
second: -75 -31 -21 1 9 14 26 28 85 93 | -2 13 37 66 67 74 90 95 100 | 11 35 
After merging: -95 -77 -75 -31 -21 1 2 9 14 25 26 28 32 33 61 85 93 97 -62 -48 -14 -2 12 13 37 38 66 67 69 74 83 90 95 100 -98 -96 11 27 33 35 42 50 76 

Step 4
first: -95 -77 -75 -31 -21 1 2 9 14 25 26 28 32 33 61 85 93 97 | -98 -96 11 27 33 35 42 50 76 
second: -62 -48 -14 -2 12 13 37 38 66 67 69 74 83 90 95 100 
After merging: -95 -77 -75 -62 -48 -31 -21 -14 -2 1 2 9 12 13 14 25 26 28 32 33 37 38 61 66 67 69 74 83 85 90 93 95 97 100 -98 -96 11 27 33 35 42 50 76 

Step 5
first: -95 -77 -75 -62 -48 -31 -21 -14 -2 1 2 9 12 13 14 25 26 28 32 33 37 38 61 66 67 69 74 83 85 90 93 95 97 100 
second: -98 -96 11 27 33 35 42 50 76 
After merging: -98 -96 -95 -77 -75 -62 -48 -31 -21 -14 -2 1 2 9 11 12 13 14 25 26 27 28 32 33 33 35 37 38 42 50 61 66 67 69 74 76 83 85 90 93 95 97 100 


RESULT: -98 -96 -95 -77 -75 -62 -48 -31 -21 -14 -2 1 2 9 11 12 13 14 25 26 27 28 32 33 33 35 37 38 42 50 61 66 67 69 74 76 83 85 90 93 95 97 100 